%YAML:1.0
---
calibration_time: "Fri 05 May 2023 03:50:24 PM AKDT"
nframes: 30
image_width: 1280
image_height: 720
board_width: 7
board_height: 7
square_size: 2.5000000372529030e-02
flags: 0
camera_matrix: !!opencv-matrix
   rows: 3
   cols: 3
   dt: d
   data: [ 9.2781976217859335e+02, 0., 6.5788208369498784e+02, 0.,
       9.2795109684100908e+02, 3.7303090115746363e+02, 0., 0., 1. ]
distortion_coefficients: !!opencv-matrix
   rows: 5
   cols: 1
   dt: d
   data: [ 8.3059780262549579e-02, -1.1158782214733201e-01,
       3.9675426100483574e-03, -8.4038595838650235e-04,
       -3.7436989230804338e-02 ]
avg_reprojection_error: 1.1469908005650837e+00
per_view_reprojection_errors: !!opencv-matrix
   rows: 30
   cols: 1
   dt: f
   data: [ 9.09353554e-01, 8.27424943e-01, 1.01975358e+00,
       7.89219737e-01, 1.17373645e+00, 9.06338096e-01, 1.16926813e+00,
       1.49507177e+00, 2.05273652e+00, 1.45088708e+00, 1.03135312e+00,
       1.12160730e+00, 8.36284459e-01, 9.79451060e-01, 1.49215913e+00,
       1.42284143e+00, 9.33340430e-01, 8.51519346e-01, 9.46136177e-01,
       1.06695187e+00, 1.47930706e+00, 9.83340025e-01, 6.17376387e-01,
       8.77212286e-01, 8.43499720e-01, 7.37538278e-01, 2.02253985e+00,
       7.17296243e-01, 1.03405130e+00, 1.03727877e+00 ]

