%YAML:1.0
---
calibration_time: "Tue 02 Nov 2021 12:55:14 PM AKDT"
image_width: 1920
image_height: 1080
board_width: 9
board_height: 6
square_size: 2.5000000372529030e-02
flags: 0
camera_matrix: !!opencv-matrix
   rows: 3
   cols: 3
   dt: d
   data: [ 1.0251975579454183e+03, 0., 7.1157175919218446e+02, 0.,
       1.1024823402030590e+03, 5.6454912064991083e+02, 0., 0., 1. ]
distortion_coefficients: !!opencv-matrix
   rows: 5
   cols: 1
   dt: d
   data: [ -2.0247440660764691e-02, -5.0258153095759865e-02,
       -6.8937175478294170e-03, 2.6552977205402527e-02,
       5.0611976617564638e-03 ]
avg_reprojection_error: 1.8152562794639633e+00
